Time Latitude Longitude Altitude
2020-01-01T23:30:00.000 0.01677338477061556 -12.18148863895363 -4427961.610912212

2020-01-01T23:31:00.522 -3.821689762556805 19.343114059791592 -4294795.473723299

2020-01-01T23:32:01.045 -6.087287438608858 44.580200567379464 -3956478.163359722

2020-01-01T23:33:01.567 -6.99447795950912 62.84745597558353 -3516521.595993706

2020-01-01T23:34:02.090 -7.202070968464734 76.02644386650852 -3041934.5827108645

2020-01-01T23:35:02.612 -7.101765573116258 85.84395237032072 -2564607.6199200926

2020-01-01T23:36:03.134 -6.873898754635542 93.43302677283597 -2098325.1805284256

2020-01-01T23:37:03.657 -6.598073621692866 99.4963954146416 -1648701.209022998

2020-01-01T23:38:04.179 -6.309674834992954 104.47614131593289 -1217706.6985054275

2020-01-01T23:39:04.702 -6.024473987917932 108.659636961392 -805671.7161116988

2020-01-01T23:40:05.224 -5.749279017163513 112.24042939695873 -412191.10873136844

2020-01-01T23:41:05.746 -5.4866918758828875 115.353282947596 -36546.98444948585

2020-01-01T23:42:06.269 -5.237316104422702 118.09486896009138 322089.66561507946

2020-01-01T23:43:06.791 -5.000816116222519 120.53637679898956 664562.1133694395

2020-01-01T23:44:07.314 -4.776438322020063 122.7314516015037 991682.3043308884

2020-01-01T23:45:07.836 -4.56327092509807 124.72134395440716 1304210.9015871699

2020-01-01T23:46:08.358 -4.360373079062728 126.53834462802888 1602850.2677177475

2020-01-01T23:47:08.881 -4.166837324827702 128.20813367013972 1888243.9264989928

2020-01-01T23:48:09.403 -3.9818175206413597 129.75142377242798 2160979.1559863775

2020-01-01T23:49:09.926 -3.8045389024430905 131.18513363869164 2421590.9593729

2020-01-01T23:50:10.448 -3.6342990265800204 132.52324135921936 2670566.4966182783

2020-01-01T23:51:10.970 -3.470464252662378 133.77741550367162 2908349.5060837134

2020-01-01T23:52:11.493 -3.312464253829789 134.95748897165316 3135344.4858184224

2020-01-01T23:53:12.015 -3.1597858724696755 136.0718197313762 3351920.5338939303

2020-01-01T23:54:12.538 -3.0119670027563714 137.12756893964738 3558414.8165469863

2020-01-01T23:55:13.060 -2.8685908331031467 138.13091787798143 3755135.668986853

2020-01-01T23:56:13.582 -2.7292805917448906 139.08723898402556 3942365.3514190787

2020-01-01T23:57:14.105 -2.5936948366736963 140.00123203045146 4120362.4904035935

2020-01-01T23:58:14.627 -2.461523278163483 140.87703356379237 4289364.23773881

2020-01-01T23:59:15.150 -2.3324830964460626 141.718305610004 4449588.17825913

2020-01-02T00:00:15.672 -2.206315706514554 142.52830815186377 4601234.015724518

2020-01-02T00:01:16.194 -2.0827839196009896 143.30995880587093 4744485.063187825

2020-01-02T00:02:16.717 -1.9616694526633587 144.0658823113978 4879509.561298709

2020-01-02T00:03:17.239 -1.8427707410653966 144.79845184976872 5006461.845176159

2020-01-02T00:04:17.762 -1.7259010141849118 145.50982377834427 5125483.377870267

2020-01-02T00:05:18.284 -1.610886598384905 146.20196701363756 5236703.666081114

2020-01-02T00:06:18.807 -1.4975654162590062 146.8766880394032 5340241.0717175165

2020-01-02T00:07:19.329 -1.385785655106771 147.53565233495357 5436203.531047434

2020-01-02T00:08:19.851 -1.2754045812008248 148.18040283794684 5524689.191593738

2020-01-02T00:09:20.374 -1.1662874795545846 148.81237596357306 5605786.975538777

2020-01-02T00:10:20.896 -1.0583067016166197 149.4329155905281 5679577.077192457

2020-01-02T00:11:21.419 -0.9513408056453659 150.04328535041336 5746131.401027409

2020-01-02T00:12:21.941 -0.8452737764994707 150.64467951181695 5805513.945869711

2020-01-02T00:13:22.463 -0.7399943132568446 151.23823268994533 5857781.140032834

2020-01-02T00:14:22.986 -0.6353951744893563 151.82502857525355 5902982.131480867

2020-01-02T00:15:23.508 -0.5313725722040537 152.40610785811216 5941159.03648709

2020-01-02T00:16:24.031 -0.42782560644667766 152.98247548913056 5972347.149703702

2020-01-02T00:17:24.553 -0.3246557333742787 153.55510739584244 5996575.118065439

2020-01-02T00:18:25.075 -0.22176626026246113 154.12495677489775 6013865.080503768

2020-01-02T00:19:25.598 -0.11906186143642554 154.6929600538521 6024232.7750405315

2020-01-02T00:20:26.120 -0.01644810951757725 155.2600426078914 6027687.614451562

2020-01-02T00:21:26.643 0.0861689833302655 155.82712432399808 6024232.731335204

2020-01-02T00:22:27.165 0.1888834192816811 156.395125087588 6013864.993080577

2020-01-02T00:23:27.687 0.29178966889213986 156.96497026461097 5996574.98689938

2020-01-02T00:24:28.210 0.3949831303404325 157.53759626563408 5972346.974757499

2020-01-02T00:25:28.732 0.49856059900806066 158.11395626690887 5941158.817711423

2020-01-02T00:26:29.255 0.6026207527296132 158.69502616745208 5902981.868814812

2020-01-02T00:27:29.777 0.7072646583483518 159.28181088097614 5857780.833404288

2020-01-02T00:28:30.299 0.8125963056227934 159.87535105668533 5805513.59519606

2020-01-02T00:29:30.822 0.9187231750642036 160.4767303342133 5746131.006216302

2020-01-02T00:30:31.344 1.0257568469553071 161.08708327022873 5679576.638142752

2020-01-02T00:31:31.867 1.133813659626174 161.7076040659848 5605786.492141777

2020-01-02T00:32:32.389 1.2430154260647142 162.33955627621881 5524688.663734596

2020-01-02T00:33:32.911 1.3534902191443832 162.9842836923731 5436202.958606989

2020-01-02T00:34:33.434 1.4653732371907044 163.64322263102503 5340240.454574406

2020-01-02T00:35:33.956 1.5788077633177613 164.31791591869586 5236703.004114437

2020-01-02T00:36:34.479 1.6939462339867535 165.0100289097026 5125482.6709628

2020-01-02T00:37:35.001 1.8109514346159052 165.7213679478893 5006461.093218284

2020-01-02T00:38:35.523 1.9299978428514815 166.4539017906337 4879508.764193182

2020-01-02T00:39:36.046 2.0512731433364344 167.20978661980425 4744484.2208557045

2020-01-02T00:40:36.568 2.174979941520282 167.99139541792297 4601233.128112339

2020-01-02T00:41:37.091 2.301337708246338 168.8013526993717 4449587.245347781

2020-01-02T00:42:37.613 2.4305849914850426 169.64257583058452 4289363.259554544

2020-01-02T00:43:38.135 2.5629819365086903 170.51832451073446 4120361.4670316367

2020-01-02T00:44:38.658 2.6988131606989025 171.43226044398202 3942364.2830205765

2020-01-02T00:45:39.180 2.8383910334034295 172.38851981585478 3755134.555820119

2020-01-02T00:46:39.703 2.9820594136196905 173.39180198784908 3558413.6589941895

2020-01-02T00:47:40.225 3.130197896620632 174.4474789286236 3351919.3324948805

2020-01-02T00:48:40.747 3.283226611113249 175.56173138832403 3135343.2413135855

2020-01-02T00:49:41.270 3.441611584334241 176.7417199148833 2908348.219469288

2020-01-02T00:50:41.792 3.6058706416115927 177.99580177763676 2670565.1692173732

2020-01-02T00:51:42.315 3.7765797079598666 179.3338090772406 2421589.592928176

2020-01-02T00:52:42.837 3.9543791938263 -179.41518776421972 2160977.7527817474

2020-01-02T00:53:43.359 4.139979805376266 -177.87201726140947 1888242.4895209994

2020-01-02T00:54:43.882 4.334166492881607 -176.2023591543831 1602848.800871986

2020-01-02T00:55:44.404 4.537798096605391 -174.38550214594656 1304209.4099917237

2020-01-02T00:56:44.927 4.751798102517204 -172.39576777430702 991680.7947192702

2020-01-02T00:57:45.449 4.977127863087483 -170.2008670461273 664560.5946514056

2020-01-02T00:58:45.971 5.214725813152826 -167.75955130843147 322088.14966824686

2020-01-02T00:59:46.494 5.465380732803073 -165.01817740680835 -36548.48164574475

2020-01-02T01:00:47.016 5.729475570354166 -161.90555774381642 -412192.56544828706

2020-01-02T01:01:47.539 6.006471837849484 -158.32502193039957 -805673.1024469365

2020-01-02T01:02:48.061 6.2938589020032 -154.1418044771234 -1217707.9727912545

2020-01-02T01:03:48.583 6.584959895432685 -149.1623521952892 -1648702.312540014

2020-01-02T01:04:49.106 6.8641950758448305 -143.09927517248292 -2098326.0300542875

2020-01-02T01:05:49.628 7.096463185320624 -135.51044769859726 -2564608.098799135

2020-01-02T01:06:50.151 7.202569603127985 -125.69304336457895 -3041934.5371074444

2020-01-02T01:07:50.673 7.002687419111672 -112.51380804347247 -3516520.8675345653

2020-01-02T01:08:51.195 6.105358487976352 -94.24560257413131 -3956476.767135579

2020-01-02T01:09:51.718 3.8501554964537608 -69.00675764306006 -4294794.087902182

2020-01-02T01:10:52.240 0.016746008989386316 -37.48102336180286 -4427961.610918045

